0.2716070210
0.5014715620
0.7431251009
0.3416429622
0.4301976859
0.9471970181
0.4876901938
0.6892324432
0.1486910543
0.0282898556
0.0114817078
0.9433717582
0.5624313697
0.4165198853
0.3037033615
0.6843211396
0.3052340732
0.5370015533
0.4643421623
0.2505365208
0.1765909464
0.7397679839
0.0614980993
0.4540888697
0.1340719791
0.6879279260
0.9868663924
0.0718064607
0.7980420568
0.7686017853
0.5605458695
0.8188494363
0.8290045367
0.6031945315
0.0463220264
0.0521317714
0.8947690128
0.6477974864
0.7344553588
0.1943113523
0.1615061167
0.3995954911
0.3838603292
0.2218863103
0.6694891477
0.3878782951
0.8465577483
0.4752330461
0.3667150625
0.2002665817
0.7543640000
0.9813541437
0.0016753543
0.0116847129
0.5868998283
0.5781170926
0.5228744116
0.4554841211
0.0582680388
0.9817510872
0.6661674512
0.8206287574
0.0112013961
0.9596648461
0.7855349601
0.3377631951
0.2343292785
0.5966712300
0.3583476195
0.5183942698
0.4757176978
0.6420446275
0.8072657375
0.6238945240
0.8205302513
0.7790893497
0.3471382903
0.3070299945
0.3975378500
0.9336658051
0.8728236721
0.8632237008
0.5396479874
0.6314307660
0.5590225079
0.0260321203
0.4287444816
0.5117022482
0.4862517313
0.7857875244
0.7379445795
0.5482042067
0.3950764184
0.2413523693
0.1273161080
0.2783847437
0.2964802837
0.5616166972
0.4816073972
0.5630453802
0.2904024636
0.8105697177
0.7282286905
0.3030275550
0.8065121853
0.7518682217
0.7393620090
0.0258739534
0.1302733902
0.6526645897
0.1104275738
0.5988130606
0.2714081507
0.6173575502
0.0279826998
0.5124659911
0.4306693027
0.3171590969
0.1955661227
0.9249402887
0.0099795952
0.8787042417
0.9273491113
0.1420227984
0.3510024178
0.1260149985
0.8641775013
0.2812181977
0.5726249460
0.0474749668
0.6196150360
0.9961678838
0.6964827558
0.6644275318
0.9387869397
0.5523641013
0.8437239990
0.5185094030
0.4619731799
0.0521172245
0.2015859367
0.3580943197
0.6628318009
0.7855997758
0.4087549256
0.8651248665
0.1956102455
0.3018952276
0.6711629688
0.3326271572
0.6459031637
0.7974402876
0.2130452145
0.8555491816
0.4780639843
0.2303051281
0.1016882135
0.1692162564
0.8691495175
0.3100376634
0.1182250552
0.4194037624
0.0659631368
0.5933620515
0.1665602252
0.4590229433
0.3649364850
0.2277134579
0.5649405901
0.0643284638
0.8868455915
0.9167634407
0.8742868679
0.5922032322
0.1979612709
0.6643006890
0.5308345998
0.0540559037
0.2403272597
0.2831113667
0.8341609613
0.2327681269
0.1354780091
0.9289681729
0.0956698160
0.7831342902
0.7312974872
0.1200353165
0.9516785647
0.9044437859
0.5218641363
0.1238799069
0.7632577507
0.7357160689
0.2975021619
0.3784794530
0.5570217949
0.1478261042
0.4760368301
0.6386505763